503 560
0 901
53 1057
382 994
592 1057
572 1057
1057 1421
1057 1488
1057 1776
53 313
416 503
1026 1057
1057 1265
1057 1588
67 1057
1057 1805
1057 1460
1057 1351
764 1057
899 1057
1057 1161
1057 1854
1057 1462
583 901
416 1026
312 1057
901 1114
287 1057
1057 1595
1057 1823
1413 1595
1057 1164
1057 1616
1057 1722
1057 1491
255 914
1057 1768
1057 1630
1005 1057
450 1057
255 1057
227 908
811 908
503 1478
1057 1478
503 728
416 1057
811 1441
227 1740
1022 1057
932 1057
1057 1274
416 1437
808 1057
227 460
227 1347
416 652
416 1522
227 304
847 1057
951 1057
1057 1863
1057 1111
227 1222
302 330
330 439
330 1614
330 1823
330 1413
227 237
854 1057
0 416
0 255
788 1057
227 966
377 1057
1057 1448
237 811
93 227
811 887
1057 1075
668 1746
131 1746
413 1746
1369 1746
227 1059
227 1029
330 811
1057 1280
943 1057
901 1723
837 1057
1057 1063
1057 1750
1057 1470
227 543
1057 1149
431 1057
811 1159
227 1689
813 1746
227 1577
811 1287
227 597
503 879
811 947
227 833
1057 1505
973 1057
620 1789
620 1369
811 899
620 811
1164 1522
811 1670
503 1490
503 1389
227 1138
287 1522
1522 1719
802 1522
0 1522
0 323
0 1580
0 1454
581 1522
227 250
1522 1669
685 1522
0 235
0 687
0 1806
1068 1522
0 1304
1058 1522
145 1522
227 1610
0 554
1085 1522
0 1398
1522 1853
227 466
607 1057
227 1278
0 660
811 923
1057 1510
227 759
749 759
1522 1661
501 811
227 737
467 1057
227 1226
0 1567
0 1124
0 574
811 1748
564 1522
0 703
0 418
112 1522
0 291
0 1147
0 1660
811 1504
1275 1522
1522 1649
0 1311
460 811
1127 1484
330 416
0 412
1522 1581
0 1116
0 1667
227 770
0 693
0 1365
911 1522
255 1522
770 788
53 479
227 479
1762 1789
227 1762
1175 1762
1522 1681
540 1522
0 1821
0 1346
227 1592
227 594
227 1385
0 565
0 1320
227 1856
1160 1653
1019 1522
227 1457
0 24
1413 1522
606 1522
1447 1522
227 550
227 1486
0 600
227 1043
811 1060
1438 1522
227 1583
1522 1616
765 1522
1057 1209
227 715
227 1342
0 1254
1221 1522
1522 1692
701 1522
1522 1562
1327 1522
227 389
0 298
0 593
298 1522
330 1057
227 910
227 889
0 1270
0 484
877 1522
0 1200
23 1522
226 1522
256 811
0 1172
0 1678
227 502
227 979
1522 1665
0 46
0 355
294 1522
936 1522
0 1466
442 1522
1249 1522
323 1522
227 1809
1522 1675
551 1522
1522 1745
811 1830
227 284
227 410
0 1691
227 1206
227 1015
95 227
0 292
1151 1522
738 1522
1522 1851
383 1522
0 933
0 49
351 1522
0 1865
1522 1569
0 1072
185 1522
1488 1522
0 878
0 1782
0 1858
1522 1701
526 1057
1067 1522
1492 1522
1215 1522
0 977
1115 1522
1376 1522
974 1522
787 1522
227 459
449 1522
566 1057
1031 1522
941 1057
413 941
700 941
941 1256
941 1023
1522 1647
608 1522
54 1522
1522 1578
465 1522
719 1522
1522 1757
94 1057
6 1522
0 271
0 861
198 1522
0 1611
1118 1522
1522 1627
1057 1407
7 1522
1522 1788
894 1522
159 1522
0 1612
909 1522
495 1522
0 1378
0 1679
227 1224
1124 1522
912 981
227 437
102 227
1431 1522
0 1574
1522 1738
227 639
1427 1522
0 288
380 1522
1313 1522
228 1522
1182 1522
641 1522
227 1054
1522 1863
275 1485
0 488
1207 1522
0 224
227 618
227 827
619 1522
684 1522
1057 1614
0 507
227 1684
0 1500
0 1503
0 14
416 1842
1174 1842
811 1842
202 763
202 1049
0 1135
0 1402
0 680
0 115
507 1522
503 1682
0 1547
0 1485
53 205
763 1049
1253 1557
1042 1093
1614 1715
1019 1715
1019 1614
379 1715
675 1042
1042 1259
1313 1715
1447 1715
1145 1447
907 1447
1042 1128
1042 1440
1093 1440
1128 1440
1042 1165
1145 1715
964 1557
1145 1313
1042 1145
1165 1440
1093 1165
313 1557
1557 1652
1042 1734
819 1093
819 1165
107 1584
907 1145
907 1734
907 1715
1145 1734
1165 1734
1145 1165
661 1042
661 819
819 1042
0 1598
1598 1715
1715 1739
661 1165
819 1259
1614 1769
1715 1769
741 1769
379 1769
318 1557
1390 1739
1390 1715
460 1557
142 1715
1681 1715
416 1863
652 1863
326 1485
75 941
941 1316
493 1145
952 1145
941 1618
321 1715
1042 1828
1165 1828
772 1165
772 1042
1734 1828
142 1447
1447 1598
493 1715
907 1313
1165 1370
772 1093
1715 1823
1057 1134
428 1715
142 1598
142 722
142 321
1165 1715
10 1635
10 428
10 1715
10 1075
10 472
321 1598
321 1145
1579 1811
1579 1823
1579 1635
1579 1614
1579 1715
1019 1579
428 1579
508 675
579 675
31 1042
1145 1635
1145 1614
428 1557
1557 1765
1600 1751
1557 1600
472 1715
472 1145
1145 1685
18 1145
416 1164
1042 1442
1093 1442
1382 1557
379 1565
1145 1834
416 630
416 1565
1426 1565
460 1057
559 1042
559 1442
1128 1442
675 1584
675 1165
1127 1369
1552 1640
1055 1057
1715 1771
720 1729
154 1557
496 1715
1557 1576
208 1057
472 1042
811 1127
1093 1828
212 1057
1447 1800
1145 1800
699 1057
416 1786
1057 1643
1715 1811
1076 1715
85 1042
811 1393
31 1093
652 1174
1093 1834
31 1834
1661 1715
261 1715
439 1174
732 1057
439 630
1165 1598
53 1522
19 1616
1616 1800
19 1800
1715 1751
630 1413
428 1075
428 1635
1715 1834
189 1715
302 1715
333 1715
540 1042
1075 1635
1635 1715
540 1686
1042 1686
255 1488
1715 1800
442 907
442 721
442 1823
442 1613
386 442
379 442
442 1751
442 1448
442 772
442 1715
1075 1715
1522 1717
1174 1717
1248 1715
378 1800
540 1715
378 1715
652 1522
641 652
721 1522
347 1715
439 1413
1042 1834
1165 1834
1715 1723
226 377
226 1614
226 416
226 302
226 961
226 1448
226 1823
226 1746
540 1800
540 1145
378 540
472 1248
898 1174
1522 1746
53 788
255 816
35 721
243 1057
668 1522
81 1057
1128 1686
1522 1656
895 1057
378 567
788 901
901 1522
1057 1605
129 1057
416 811
1242 1715
811 1409
53 416
472 1313
333 1614
35 1522
1165 1686
1479 1522
1479 1656
416 1656
420 1715
1174 1522
811 1522
1259 1440
333 379
379 1614
630 1522
18 472
678 1557
926 1248
890 1248
1248 1523
22 1248
1248 1448
1248 1681
1145 1248
1248 1447
1248 1734
1248 1823
1248 1303
1248 1635
629 1248
1075 1248
1248 1390
1248 1339
806 1248
202 1248
1129 1248
1248 1307
246 1248
741 1248
1248 1370
280 1248
379 1248
21 1248
1248 1813
1248 1313
386 1248
1248 1800
302 1248
1248 1590
420 1248
513 1248
416 1248
1019 1248
112 1248
428 1248
12 1248
1248 1438
907 1248
1207 1248
377 1248
590 1248
189 1248
721 1248
251 1248
772 1248
155 1248
540 1248
44 1248
18 1834
472 1834
941 1817
941 1191
1165 1739
1174 1308
18 1165
472 1165
1057 1819
1165 1390
629 1681
907 1834
907 1800
763 1390
1049 1390
763 1834
1390 1834
1049 1834
416 1379
149 530
1145 1739
1165 1447
142 652
442 1447
142 442
540 1739
652 1211
1174 1211
202 1739
202 1145
472 1739
202 472
1057 1542
347 1557
255 1383
416 1864
1174 1187
321 1557
1042 1715
31 675
18 1811
416 1174
378 1739
378 1390
227 1568
1448 1823
772 1823
1635 1823
721 1823
379 1823
386 1823
1075 1823
721 1635
1448 1635
379 1635
386 1635
772 1635
145 1164
145 416
772 907
907 1448
255 1062
472 907
629 1715
18 1715
1448 1715
772 1715
1165 1313
18 1800
772 1448
788 1522
788 1488
907 1165
1156 1165
161 1156
983 1156
907 1156
891 1522
811 1174
1156 1390
1156 1370
1156 1715
1057 1864
153 1715
378 1145
378 472
0 1835
1049 1715
763 1715
1197 1522
398 1256
811 1762
811 1057
439 1522
516 1715
31 1739
1447 1579
139 472
472 577
28 1616
472 772
472 1448
378 1447
1616 1715
379 1616
1235 1313
1789 1845
683 1715
1235 1715
503 1020
4 1057
416 1447
652 1447
751 1681
820 1681
511 1681
60 1681
1391 1681
1523 1681
529 1681
1303 1681
1379 1681
1438 1681
1207 1681
420 1681
1019 1681
1681 1800
1681 1759
982 1681
386 1681
918 1681
513 1681
442 1681
1635 1681
1681 1719
306 1681
1447 1681
428 1681
1165 1681
907 1681
1129 1681
112 1681
1145 1681
1093 1686
1614 1616
1009 1715
1145 1811
907 1811
143 907
670 907
907 1823
748 907
763 1145
577 907
139 907
428 1447
1447 1635
1717 1842
143 1823
1145 1823
670 1823
1614 1823
1057 1323
378 1313
16 1057
854 1715
1681 1687
145 1681
1356 1681
1681 1823
976 1681
983 1681
1681 1842
1087 1681
1681 1717
1517 1681
155 1681
1598 1681
290 1681
1107 1681
10 1681
246 1681
590 1681
1174 1681
907 1496
907 1587
1248 1739
379 416
670 1715
143 1715
378 1042
378 1834
1313 1834
143 1145
772 1145
670 1145
378 1811
1739 1811
480 1715
472 480
1042 1178
1128 1178
1042 1390
763 854
1047 1715
584 1715
584 1047
503 895
428 1616
379 428
280 428
1390 1811
280 1616
1616 1635
18 907
854 1834
1113 1256
540 907
1042 1313
280 1635
675 819
1256 1456
333 1557
379 1557
1557 1614
480 1313
1057 1793
823 1557
1093 1178
1095 1715
756 1715
540 1390
1734 1739
1390 1734
540 1734
416 1542
316 1042
316 540
1715 1734
1057 1220
1057 1174
432 1715
416 906
793 1715
707 1057
472 652
142 472
472 1447
630 1057
85 1442
540 1447
1715 1843
652 1624
270 652
652 1350
652 743
256 652
133 652
652 1746
652 808
182 652
191 652
1057 1807
503 1109
311 1042
124 811
324 416
1064 1715
567 1715
1057 1447
1127 1403
644 1057
428 472
472 1635
907 1557
1557 1811
472 1557
741 907
267 907
907 918
378 907
918 1165
378 1165
741 1165
267 1165
133 416
121 1057
798 1746
227 798
798 1057
798 1256
357 798
798 1191
545 811
898 1308
189 1681
496 1681
379 1681
1673 1681
416 1681
1614 1681
955 1681
0 1218
379 1165
205 1522
1715 1731
503 1222
1222 1789
416 1222
379 918
741 918
280 1719
1616 1719
189 1719
21 1719
1635 1719
1448 1719
1075 1719
377 1719
1614 1719
772 1719
428 1719
741 1719
1715 1719
1447 1719
379 1719
386 1719
1719 1823
302 1719
416 1719
721 1719
494 1156
472 1379
416 1807
395 953
460 1789
460 503
1145 1598
189 1145
91 665
675 1828
379 420
133 1057
133 1164
317 1313
675 1259
1128 1828
416 1211
813 1211
329 1211
527 1211
1211 1448
226 1211
1056 1211
377 1211
973 1211
577 1715
139 577
577 1145
1374 1715
1313 1374
1235 1374
0 233
416 818
1256 1498
96 1557
1557 1823
572 1557
772 1557
670 1557
0 1487
854 1847
854 1390
854 1049
572 670
572 772
572 907
572 1715
572 1823
572 1145
572 1614
1016 1789
416 707
405 1715
416 540
0 656
124 1830
1256 1478
811 818
760 1715
818 1369
818 1057
191 416
1789 1794
416 1794
297 1789
297 1552
120 1557
409 1057
1642 1789
652 943
652 1488
950 1769
1657 1715
372 1042
378 741
741 1145
741 1715
405 741
372 1828
559 1828
661 1828
772 1739
741 1635
907 1635
918 1635
189 1413
1413 1635
788 1413
1049 1781
416 1413
1042 1248
379 907
1390 1781
1557 1657
18 1248
286 1145
1174 1271
420 1390
379 1390
730 1522
11 1635
652 668
907 982
416 1614
426 1635
189 1635
540 1635
857 1057
788 1681
907 1042
1522 1549
1390 1686
907 1010
420 907
907 1370
44 907
624 772
772 1834
101 772
602 1715
378 1598
907 1739
741 1800
741 1598
741 1650
741 1447
1739 1834
1165 1800
788 1207
255 1693
689 1256
1248 1811
540 1811
416 695
1057 1263
1800 1834
420 1834
379 1834
540 1834
907 1390
1523 1715
907 1650
907 1598
96 1390
1145 1390
801 1313
494 1811
907 1847
1145 1650
494 907
494 1715
1800 1811
1811 1834
494 1734
1734 1811
44 472
472 540
472 1390
189 1598
378 1650
1462 1522
1715 1794
256 1174
907 1686
1057 1413
1207 1715
1207 1447
965 1715
981 1610
472 1811
1145 1207
92 1557
202 1715
195 1057
1004 1789
338 1057
413 798
741 1390
741 1739
202 1834
313 503
1313 1442
441 1746
1057 1511
202 1811
641 1174
239 1256
1140 1452
1452 1557
722 1452
604 1042
1390 1442
811 1641
457 1557
581 630
581 1174
494 1165
189 1447
1042 1325
173 1145
286 1715
1511 1789
604 1442
1488 1681
164 1681
1479 1681
1659 1681
1681 1813
101 1681
1613 1681
255 1681
589 1715
66 1715
1650 1715
798 1299
140 1715
135 255
1313 1428
1256 1746
1191 1746
1057 1746
357 1746
1299 1746
227 1746
317 1715
1428 1715
851 1042
333 1337
340 1057
302 416
1256 1549
1057 1625
416 1438
416 641
378 1248
214 811
1557 1751
173 1751
255 1462
0 1711
416 581
416 1088
695 1057
695 929
494 1390
530 842
416 1717
1165 1626
1042 1626
1057 1281
139 1715
139 722
139 1140
854 1781
1598 1769
1030 1557
189 557
416 1793
1259 1442
942 1256
772 1259
540 1313
809 1789
604 1626
378 1686
44 1557
1145 1557
420 1042
1557 1800
1557 1834
1369 1789
340 416
416 1264
1042 1370
631 1715
1057 1096
1370 1626
907 1626
907 1442
416 788
1119 1715
662 1715
797 1715
1204 1715
907 1743
1715 1743
1145 1501
1501 1715
1715 1824
503 1860
96 1834
1743 1834
1517 1834
1057 1314
1042 1811
1248 1834
140 753
1442 1715
753 1715
1589 1715
753 781
140 781
623 1557
503 1568
1256 1568
1374 1752
1715 1752
302 1462
255 1436
364 1746
211 956
1225 1557
18 1313
1313 1828
661 1093
772 1734
42 1042
42 1828
772 1828
661 1145
202 540
1259 1828
472 1681
756 1145
321 1447
1259 1834
907 1828
1248 1828
480 1557
1259 1811
1303 1522
251 1042
790 1522
811 1717
472 691
1259 1686
1522 1846
788 1438
788 1447
226 255
472 753
1174 1294
472 590
472 1438
472 1207
472 1523
386 472
472 1019
472 806
472 741
472 1800
472 1590
377 472
155 472
302 472
251 472
472 1303
472 1734
472 1075
12 472
21 472
420 472
472 629
22 472
112 472
189 472
472 1813
472 1339
472 1307
472 1823
472 926
246 472
280 472
472 1370
379 472
472 513
472 890
472 1129
416 472
472 721
139 1557
595 1522
472 1120
202 1781
772 1339
941 1091
142 189
533 901
416 901
1781 1834
0 1373
540 1165
1042 1831
901 1793
145 901
763 1781
1370 1442
1370 1686
372 1442
211 213
540 1259
1370 1715
1145 1370
255 961
503 591
1019 1438
356 1019
442 1019
811 1863
145 788
1792 1863
585 1522
901 1057
462 1057
1057 1674
262 1681
1165 1194
1522 1722
416 1448
811 1164
1328 1557
416 1723
416 1674
679 899
829 899
922 1715
213 1715
494 1686
1522 1793
1438 1447
763 1522
104 901
1686 1834
494 1834
846 1715
1557 1707
641 1614
652 901
1370 1614
311 1811
772 1370
641 1462
227 1150
1370 1448
1681 1837
1566 1681
1000 1681
890 1681
111 1681
1313 1811
814 1522
1686 1715
772 1686
1448 1686
811 1639
85 1259
503 799
416 1388
1739 1800
1194 1715
85 1440
65 255
871 1715
319 1715
85 1093
1145 1616
907 1616
202 1800
1294 1717
1057 1388
1145 1686
1145 1448
1734 1834
1128 1370
334 1057
1536 1677
227 1536
202 907
1057 1439
255 1680
753 1120
1321 1715
772 1321
581 811
202 494
202 1156
641 1057
1184 1715
527 1478
831 1057
503 628
31 772
1057 1437
811 867
202 854
854 1300
182 416
868 1789
1057 1522
1178 1259
503 1680
1165 1259
1073 1715
85 372
630 1722
165 416
696 1013
503 696
696 735
696 1680
443 696
573 811
85 1178
372 1178
1522 1688
1519 1557
931 1313
931 1715
931 1523
814 1256
395 1811
853 1557
416 1688
1112 1715
1057 1394
416 943
31 1828
202 1042
85 1313
85 1828
85 661
1248 1557
472 613
164 472
675 866
675 763
372 675
472 675
100 675
675 1734
675 1781
675 1339
675 1442
69 675
316 675
675 772
675 751
158 675
675 1181
675 1696
675 1305
675 1313
203 675
675 1775
42 675
675 1687
655 675
675 1325
675 1458
661 675
675 1626
675 875
202 675
675 1145
675 1028
22 675
257 675
85 675
675 851
598 675
675 1370
675 1090
311 675
420 675
559 675
675 1390
675 1448
675 1178
675 1468
480 675
675 1831
675 1128
675 1440
183 675
675 907
675 986
675 1834
675 872
540 675
675 1800
675 1156
675 967
378 675
128 675
675 791
675 1634
675 1766
553 675
675 1811
12 675
675 1285
675 1715
675 1400
675 1214
251 675
907 976
53 145
1057 1445
145 1863
53 1863
1019 1174
1164 1863
164 202
169 691
169 472
1272 1522
229 1522
624 1715
1276 1715
624 1448
420 1448
1276 1448
512 1715
798 1455
350 1715
555 1789
498 1715
361 1370
361 722
852 1715
773 1715
907 1325
1442 1734
1442 1834
540 1442
85 1834
85 1734
416 1394
1522 1545
379 1145
333 1145
1522 1842
1057 1849
1207 1779
416 1488
772 1313
1598 1603
1517 1598
31 1715
361 1622
1370 1622
722 1622
1455 1746
339 1522
416 1746
652 1057
177 211
775 1522
106 1522
439 775
657 1256
18 378
396 941
1313 1686
232 1715
885 1715
373 1161
972 1161
359 1161
1053 1161
869 1161
1161 1646
1161 1396
1161 1812
451 1161
946 1161
476 1161
1161 1861
1161 1317
807 1161
1161 1520
470 1161
1003 1161
711 1161
416 1161
41 1161
320 1161
672 1161
1161 1829
1161 1282
84 1161
178 1161
195 416
1143 1715
1390 1800
1093 1259
1448 1557
1557 1635
378 584
1156 1448
494 1448
807 1053
56 1789
949 1522
98 630
47 1161
47 1520
807 1646
751 1042
372 1440
1717 1789
1186 1816
1557 1730
232 1401
232 1557
1465 1557
885 1648
151 1557
232 1313
1053 1816
452 1715
0 123
416 880
849 1557
736 1715
264 1557
996 1057
1032 1715
31 372
1326 1557
1259 1325
416 902
1710 1715
741 1049
202 741
741 763
741 1834
630 1673
1174 1863
1174 1479
255 1174
788 1174
113 1174
1164 1174
1174 1759
390 1174
783 907
581 1057
211 1094
0 1174
505 1715
31 1259
166 416
416 1369
472 814
83 1248
83 472
1165 1248
96 1811
96 1715
1303 1715
1145 1303
378 1303
96 1303
1303 1811
772 1800
1326 1715
119 1522
0 1715
783 1557
28 741
1207 1683
166 1057
372 1686
741 1823
302 1823
428 1823
1271 1522
53 641
641 1369
641 811
1256 1727
1207 1635
290 1207
1207 1379
83 1207
428 1207
0 782
581 652
1057 1721
1557 1716
628 1557
10 907
378 1734
1313 1473
670 1614
18 772
378 772
202 1165
251 1093
28 1823
1369 1614
811 1614
42 1178
814 1715
540 1681
1686 1734
416 1721
277 1715
568 1145
540 751
540 1842
255 540
442 540
10 540
155 540
540 820
540 1019
540 1438
400 540
420 540
540 1207
540 1129
540 1303
540 926
511 540
540 1279
540 1719
540 1613
112 540
540 1488
513 540
540 1479
540 1598
529 540
145 540
540 1823
664 1557
1522 1594
277 472
1516 1715
615 1715
21 28
1563 1715
1128 1626
814 1359
721 1715
314 416
884 1557
321 1614
442 472
246 442
442 652
442 1719
155 442
442 1379
83 442
442 1129
428 442
442 1303
442 1391
251 442
442 553
442 513
442 1579
442 1523
196 442
442 629
442 511
74 1557
416 1722
430 1557
29 1557
562 1557
1177 1715
1177 1557
1557 1825
568 1557
741 854
729 1715
503 1230
22 1739
22 1834
360 1256
143 1614
1133 1557
261 1557
851 1259
1352 1715
22 540
42 540
22 42
798 1789
1557 1563
42 1442
42 1834
1042 1090
865 1557
1356 1598
656 1598
540 1557
815 1681
1077 1557
1482 1557
22 1042
22 1442
503 1185
820 1042
255 423
148 1557
148 1614
1057 1144
31 1442
1014 1746
346 1557
13 1557
811 1619
1626 1734
85 1626
31 1626
1007 1493
1313 1681
225 1681
1034 1681
416 984
629 907
907 1188
984 1656
629 1800
629 1188
629 1145
1207 1598
321 783
772 851
772 1696
31 851
1493 1811
1057 1801
304 503
441 1522
630 1174
641 1793
145 1174
1014 1522
0 43
1417 1522
334 1174
334 1256
334 1471
387 1715
338 1557
377 1522
772 1442
171 772
624 1823
386 1715
386 1448
386 1075
386 624
143 386
386 721
386 741
379 386
386 772
171 1834
1369 1717
388 1369
1132 1145
171 819
31 819
819 1834
772 819
819 1442
1313 1598
388 811
1676 1800
1145 1651
21 907
1233 1850
464 1715
938 1715
1651 1715
1145 1485
907 1485
1485 1715
1301 1863
1057 1792
148 1715
1098 1715
883 1715
646 1789
406 1283
406 1488
164 1715
542 1145
422 1715
353 1715
1140 1598
1598 1601
529 1676
1447 1676
1676 1681
899 1522
302 1614
189 302
302 321
416 1624
87 1676
641 1543
641 1863
1313 1676
862 1057
255 406
91 1488
91 255
844 1715
189 1614
1145 1563
1362 1715
634 1715
1443 1715
117 1715
1676 1715
280 379
1057 1624
302 1057
1614 1635
579 1635
473 1715
386 1614
386 579
1098 1145
387 1557
1174 1332
860 1715
42 1440
302 907
302 1145
321 1752
238 1719
1357 1715
1411 1681
96 1681
652 788
1057 1193
954 1557
630 1717
780 1715
1238 1614
725 1614
901 1699
1344 1715
8 1715
1392 1715
416 929
1174 1395
416 538
31 1165
254 1042
622 1313
21 395
473 756
416 1220
416 1792
42 1686
881 1057
1313 1824
1207 1676
114 901
189 1752
13 1752
519 1557
1207 1313
789 1174
1352 1557
464 938
189 572
302 572
321 572
938 1362
982 1362
1090 1686
492 1715
265 907
854 1522
585 854
416 1021
132 585
1554 1715
1057 1088
915 1557
1473 1557
858 1715
622 640
622 1715
851 1145
851 1093
42 851
42 1093
641 901
641 788
1083 1522
1619 1717
641 1394
28 1715
1048 1676
1048 1313
647 1313
1180 1522
1174 1413
414 1681
96 918
786 918
511 918
918 976
918 1447
513 918
751 918
918 1145
428 918
918 1523
529 918
918 1129
918 1800
918 1823
426 918
918 1759
918 1019
414 918
784 918
145 918
386 918
420 918
112 918
918 1719
918 1842
918 1303
918 1522
820 918
918 1391
918 1715
918 1598
629 918
918 1379
1686 1811
1522 1596
255 354
255 1479
1337 1715
392 630
191 630
641 906
83 1715
1522 1715
1379 1715
471 1313
1051 1715
28 772
1715 1848
544 998
998 1852
58 998
811 998
1042 1766
1292 1715
1002 1145
385 1438
731 1438
940 1303
1105 1303
137 1303
199 901
1159 1174
675 1093
1676 1834
1488 1609
788 1566
741 788
1145 1676
1601 1676
1167 1676
96 1676
207 1575
255 1609
1002 1715
1189 1676
907 1676
160 1715
142 1676
245 494
0 514
1440 1734
901 1423
416 1019
141 901
1075 1811
420 1676
245 907
1715 1749
420 815
245 1834
1156 1834
45 641
91 641
405 1614
1557 1676
1422 1715
96 1800
1313 1390
999 1006
379 1337
901 1760
630 901
100 1042
1656 1674
798 1545
798 1552
471 1824
811 999
999 1717
811 1746
266 968
83 907
907 1522
428 907
907 1379
907 1207
302 1557
278 1557
786 1715
356 1715
1391 1715
1279 1715
1107 1715
201 1557
1090 1626
1313 1626
769 1575
62 1575
838 1575
1057 1575
1019 1057
559 1093
460 1552
416 648
1313 1370
1093 1313
202 1448
1049 1448
1448 1834
1300 1448
316 1811
316 1834
44 1715
901 1746
559 1178
42 559
1369 1522
1057 1656
1189 1313
1626 1811
165 1057
604 1090
1339 1739
379 496
604 1370
1256 1862
531 950
950 1614
950 1715
313 1552
504 1715
496 1557
854 1448
854 1635
532 1086
1237 1552
1237 1789
180 1552
1262 1715
496 1426
851 1626
851 1811
661 851
851 1734
559 851
251 851
251 559
372 1093
372 851
378 851
652 1793
416 1479
581 1164
420 1811
416 978
420 1626
472 553
1366 1715
416 1354
255 416
416 1351
416 1694
416 1595
540 1411
663 1681
775 1413
1537 1715
28 1448
895 1256
663 1715
559 1686
604 1686
1411 1715
416 1715
1313 1485
1715 1838
901 1709
907 1719
1719 1811
1527 1719
478 901
636 901
907 1787
370 1715
86 1145
86 1681
226 1863
1534 1715
1057 1479
1485 1598
1485 1676
302 1863
811 1462
1303 1863
86 1715
164 907
1370 1734
248 690
18 540
0 1142
435 901
510 1522
10 1448
1412 1715
272 1715
393 1057
393 416
1145 1442
472 1194
28 1635
34 1164
930 1164
1164 1481
792 1164
610 1164
1070 1648
540 1676
629 1676
1557 1568
873 1607
1734 1800
397 1174
1370 1440
1438 1715
1438 1598
1145 1438
395 907
1174 1619
416 1372
416 672
652 811
189 1676
1089 1715
1145 1392
472 1676
1104 1174
1349 1557
1571 1715
286 1537
42 1626
38 1293
1557 1814
1093 1626
31 42
313 1522
337 1715
22 1715
1030 1715
557 1715
571 1552
993 1717
906 1057
321 1676
66 874
1479 1717
786 1681
1286 1681
162 416
227 599
783 1715
540 1626
230 416
272 907
272 1165
1601 1715
1561 1785
1550 1561
0 1561
874 1561
258 1715
0 522
1057 1702
783 1834
472 783
1088 1722
572 950
438 1778
0 438
363 438
438 874
1557 1767
772 783
125 1557
1256 1722
1165 1178
428 1863
1019 1635
189 1019
1019 1447
1019 1616
428 1019
1019 1379
83 1019
416 850
256 630
1561 1715
874 1715
202 1390
66 472
472 1561
472 874
1090 1325
31 540
168 416
31 907
1656 1717
1207 1800
1438 1800
1207 1438
907 1438
982 1438
1438 1676
1606 1715
1145 1606
202 1207
1207 1739
202 772
1297 1715
1248 1440
772 1614
279 1715
44 1811
1522 1800
222 901
1447 1488
344 811
540 1093
202 1329
202 1696
1087 1676
667 1313
772 1178
1159 1717
1174 1549
31 1696
31 1145
31 202
941 961
941 1271
227 941
899 941
941 1789
226 941
941 1413
906 941
666 941
811 1656
255 788
1256 1355
540 1370
1004 1057
255 1201
255 382
605 1715
901 1338
142 1681
472 1442
903 1174
788 1164
652 1164
1164 1488
255 1164
1164 1479
581 788
788 1245
788 1479
788 1391
1248 1442
629 1438
1079 1557
367 901
232 667
1621 1715
1598 1800
1644 1676
367 1760
17 874
15 901
661 907
1448 1526
1526 1715
1156 1526
494 1526
907 1526
1397 1557
661 1390
1557 1589
1145 1589
605 1589
641 1681
630 1681
420 1557
12 1390
1390 1526
763 907
557 629
629 1447
629 1598
629 773
907 1049
1447 1557
163 630
1172 1715
1425 1715
1165 1442
420 650
650 1715
416 1145
811 1610
819 907
819 1370
773 907
503 1314
1153 1369
1091 1522
604 1440
0 1171
661 1440
1057 1537
1549 1789
557 1676
1188 1676
540 772
1552 1709
347 1248
347 1145
1019 1088
31 1090
643 1681
97 1681
11 1715
854 907
661 1178
202 1093
202 1442
1248 1485
78 1614
78 1715
189 439
439 1614
439 1823
302 439
302 1413
1413 1614
1413 1823
302 641
189 641
439 641
641 1413
641 1823
0 1564
174 1715
20 1715
1715 1799
1375 1715
12 1715
1448 1799
1375 1448
748 1448
568 1715
1061 1522
255 811
811 1488
439 788
775 788
439 901
1057 1162
25 1715
53 630
630 641
52 1715
0 1732
416 769
1241 1715
907 1781
146 1715
503 561
1295 1715
0 609
1194 1811
907 1194
1027 1715
1145 1194
907 1093
1057 1109
1637 1715
40 521
1552 1770
1057 1528
321 1426
78 321
1284 1715
255 641
702 1522
1449 1522
850 1057
1174 1418
0 244
256 1369
1369 1488
255 1369
487 1717
1164 1560
1057 1662
1174 1488
1023 1174
213 1145
1174 1369
202 661
381 1715
1614 1863
985 1522
440 1522
606 725
581 668
775 1174
416 1528
1084 1715
1174 1754
487 1619
256 416
416 1080
256 1057
416 899
42 1390
652 1717
1057 1694
941 1455
78 1557
13 78
78 1426
1715 1773
487 811
313 1256
78 1145
901 1472
568 722
71 1522
652 1721
1522 1721
1203 1715
416 1560
819 1811
1093 1811
981 991
939 981
439 1717
989 1715
282 1557
1557 1773
1313 1582
572 712
712 1496
712 1517
416 1535
1178 1313
416 1154
798 1859
798 1817
1195 1256
540 1337
91 433
321 496
321 753
1057 1154
434 1715
78 753
496 753
540 1828
763 1734
1049 1734
783 1140
783 1800
1717 1754
186 818
186 1057
1462 1717
1717 1746
1183 1557
540 1183
1681 1799
401 811
1384 1715
401 1369
1075 1145
496 1616
832 1616
44 772
819 1313
321 539
156 321
321 832
496 832
156 496
496 539
772 1390
0 1145
126 1715
31 1313
89 1313
89 1442
89 1715
1071 1717
202 1313
202 1676
126 1557
378 1442
1442 1697
840 1552
675 1508
675 1075
1093 1145
1071 1462
1071 1789
1585 1717
472 1598
661 1442
698 811
256 1717
1075 1666
1635 1666
1248 1676
788 811
1195 1522
1107 1666
1666 1715
1025 1413
788 1717
1025 1522
1266 1715
819 1715
60 907
354 1522
1093 1831
31 1831
907 1831
372 1831
372 907
1811 1831
372 1811
31 1811
925 1522
71 925
925 1746
229 925
1165 1811
1165 1831
372 1165
255 1434
255 433
302 1404
1404 1614
1404 1595
1404 1413
1404 1823
1164 1413
302 1164
1164 1614
1164 1823
1164 1404
1448 1614
416 1407
1145 1826
162 1057
473 1145
1522 1817
788 1863
39 1145
230 1057
1407 1715
1407 1614
1407 1448
1370 1828
772 1407
0 694
472 1225
1057 1137
442 1508
354 442
442 611
334 503
666 1522
1522 1658
310 1522
345 698
788 980
75 798
1246 1557
772 1811
1325 1442
1088 1522
1513 1717
428 1522
788 892
788 1759
241 788
630 788
408 788
630 1863
581 1863
1442 1828
354 668
1174 1746
1715 1732
686 1585
1585 1733
1585 1839
48 1585
1379 1863
428 1379
184 379
645 1715
379 1732
379 982
184 1715
1530 1715
982 1715
1057 1282
428 1590
1590 1863
1379 1590
1447 1527
1527 1614
280 1527
1527 1635
1448 1527
428 1527
772 1527
379 1527
189 1527
21 1527
1527 1823
386 1527
1075 1527
741 1527
238 1527
1527 1715
302 1527
377 1527
721 1527
416 1474
1648 1826
3 1826
1178 1715
0 1435
416 456
1057 1474
330 531
330 1813
330 1404
1475 1715
753 1475
941 1545
753 1291
537 1145
490 503
10 1523
10 1313
372 1700
330 1164
1178 1700
428 1303
1506 1681
613 1681
137 1590
137 1379
656 1715
454 656
259 1717
330 1088
37 1038
1483 1557
1369 1641
378 395
127 630
1090 1700
1057 1671
1174 1556
31 1734
137 1863
137 1522
1379 1522
1353 1715
1522 1744
995 1522
255 814
630 1759
630 652
630 1364
255 630
630 1391
630 1488
241 630
27 1522
416 1758
630 1164
307 901
901 1414
1121 1522
1065 1174
0 1353
90 1057
734 1057
0 602
1057 1758
850 1721
927 1715
630 1479
581 1479
145 1479
1479 1488
1479 1863
652 1479
906 1522
1123 1174
1199 1557
1102 1164
255 443
255 735
851 1325
1164 1272
333 416
416 1282
428 741
428 485
494 772
1057 1217
605 1290
745 1715
1313 1343
494 1145
524 788
929 1057
1109 1789
575 1721
1370 1834
1370 1811
1370 1517
1370 1847
378 1370
53 1174
1090 1390
907 1090
581 1413
772 982
391 788
1093 1390
503 798
798 1618
269 416
1069 1722
1057 1529
523 668
269 1057
443 735
1057 1360
175 1715
1557 1784
524 1057
426 1057
90 416
503 814
1165 1337
378 1676
649 1715
273 361
361 893
361 1548
1019 1722
31 578
578 819
1165 1614
238 907
907 1614
1165 1616
238 1715
682 1614
382 754
851 1313
548 1789
1313 1523
416 524
1313 1415
436 1715
253 1313
255 1410
1502 1715
386 1165
270 416
308 1313
578 1325
578 851
893 1747
893 1548
391 524
391 416
391 426
97 391
361 709
361 1747
361 1728
698 905
814 1313
1369 1830
417 1557
265 1348
395 1348
1140 1348
1110 1313
616 754
814 1100
1110 1715
1229 1715
377 1075
377 1715
442 1635
1379 1635
269 1164
416 919
1275 1313
1523 1635
1313 1635
340 1164
1363 1715
1164 1736
652 1656
270 1522
270 1656
196 1145
982 1145
1444 1790
1019 1238
725 1019
586 1522
919 1057
850 1479
1157 1164
1236 1522
193 1522
1363 1557
1367 1522
721 733
721 907
540 1523
1166 1522
1527 1616
480 1527
1370 1527
21 1681
611 1681
356 1681
830 1681
652 1681
400 1681
876 1681
1522 1525
382 616
1540 1715
668 1174
1464 1715
281 901
1380 1522
220 1557
811 1595
152 255
255 1017
226 1174
733 1715
733 907
906 1256
944 1057
741 772
558 721
674 907
811 1088
1164 1447
527 1746
1313 1447
725 1823
182 1164
472 982
472 1540
422 1057
311 1370
928 1057
1057 1091
1440 1831
468 668
907 1337
31 1370
213 1557
668 1827
99 811
1256 1386
540 1440
22 1145
788 1800
1681 1787
1681 1848
928 1792
416 928
227 324
324 1789
324 503
189 321
503 1293
346 1752
422 1752
1103 1752
356 1447
1093 1734
1413 1717
1302 1715
35 1313
1247 1522
449 1803
856 1145
317 1145
1173 1715
439 1595
1164 1681
1261 1681
109 1681
888 1681
9 1681
926 1681
806 1681
1164 1595
439 1164
721 1800
472 485
493 1681
1575 1681
472 1613
255 742
630 713
10 35
1447 1613
1613 1715
472 1847
1734 1847
444 1715
89 772
89 1834
876 1834
752 1834
1442 1739
1478 1715
472 1478
334 1557
82 1522
1478 1527
1478 1615
1613 1635
227 1450
924 1789
924 1057
1057 1150
1174 1478
413 713
416 713
763 1046
1197 1715
398 1557
688 1174
231 652
368 1057
255 528
444 1557
1533 1681
368 416
1442 1700
1823 1834
143 1834
143 202
1522 1723
202 1823
1522 1590
943 1164
643 1522
772 1156
763 1345
547 763
202 1700
202 372
1447 1614
1447 1616
1301 1447
763 1448
624 763
255 375
1010 1834
763 1010
342 416
1752 1823
1614 1752
1262 1752
1145 1752
587 1161
301 1161
240 640
75 1478
75 334
1443 1557
1145 1443
708 1057
245 1715
114 1699
1090 1828
1145 1828
22 245
398 901
1057 1145
73 1552
416 1430
1533 1613
1533 1800
1613 1800
1715 1746
901 1267
901 1570
901 1288
901 975
572 763
419 1557
330 726
202 547
588 1557
733 1800
416 1704
811 1793
372 1145
1533 1715
1533 1538
1361 1533
1533 1635
1447 1533
1522 1527
416 1082
613 1248
1248 1412
1 811
1715 1820
304 1552
642 1715
315 1715
1369 1793
1057 1836
189 1358
1358 1715
992 1715
172 1789
172 1057
812 1715
1090 1442
1164 1190
1552 1725
334 472
334 1715
1090 1259
1208 1676
386 1800
112 1800
856 1715
1190 1522
897 1174
209 1174
1164 1369
978 1057
1231 1522
1522 1654
964 1358
416 1823
12 416
142 1145
1371 1557
540 1325
1325 1686
53 1164
794 1557
191 1164
1164 1746
832 1614
832 1715
379 832
716 1715
941 1717
692 1313
832 1145
496 1145
753 1145
1527 1681
1301 1681
1145 1700
1090 1145
1057 1168
416 1168
138 1057
12 1057
1057 1515
1057 1715
86 142
756 1557
442 1527
378 1557
1301 1722
472 851
421 1557
692 1715
503 1642
147 1557
901 1477
540 1541
1591 1715
1358 1676
716 1557
1541 1715
496 1614
796 1557
540 1533
1533 1541
190 1541
1541 1557
189 1800
36 1800
321 755
321 773
321 454
321 557
189 386
189 1557
0 1676
0 321
755 1715
503 914
1090 1811
321 1438
321 1800
321 964
321 402
556 1681
1631 1681
202 1447
332 1557
603 1174
414 1715
529 1715
366 1681
1234 1557
1234 1715
698 1546
31 1325
820 1715
1715 1813
534 1715
1325 1811
122 1057
1057 1260
1552 1599
483 783
783 1772
1145 1366
1453 1557
372 1834
372 819
559 819
661 772
31 661
666 1174
1093 1739
416 1260
605 1145
429 1746
1478 1863
429 1244
259 1174
255 515
668 1121
189 1404
503 515
874 1681
581 1717
1024 1174
826 1522
429 1522
145 814
280 1379
741 1379
354 1379
428 1523
1523 1823
234 1746
1268 1746
1083 1746
229 1746
819 1734
255 721
348 1522
489 901
155 772
155 907
1244 1746
31 559
1219 1715
155 1145
1174 1585
403 1715
352 668
1522 1555
1737 1769
379 1737
1715 1737
753 1737
379 753
379 540
197 1715
540 753
416 1635
416 1573
416 761
55 901
997 1715
581 1722
641 1478
229 1863
229 429
229 1083
71 229
1018 1746
229 1268
229 234
90 1164
1316 1522
0 570
489 1552
205 1019
1766 1823
748 1823
581 641
145 641
641 1488
416 1232
1232 1522
581 1488
96 772
772 1517
1018 1522
1339 1834
1696 1834
1164 1628
811 1832
259 1024
416 859
0 1298
822 1715
814 1316
111 1715
613 1715
330 788
606 1715
540 613
540 1107
534 540
540 1614
111 540
1626 1700
372 1626
396 1789
289 1552
1453 1715
274 749
749 1832
205 1638
666 1614
666 1823
302 666
377 666
416 666
666 1746
666 1448
666 961
305 1057
2 1769
1232 1256
379 1613
197 540
1093 1700
1539 1715
129 1557
336 859
632 1552
596 1557
997 1557
997 1593
1174 1334
835 1552
394 1557
481 1735
428 1313
13 321
1522 1668
330 641
606 1823
901 1763
306 1174
97 1174
612 1174
143 379
637 1715
1057 1815
749 811
303 1522
630 811
378 843
0 704
145 1057
111 379
379 1107
379 613
379 534
446 811
1676 1811
1379 1419
1379 1543
1379 1507
1379 1629
821 1379
378 1269
396 1522
78 379
302 630
668 1164
187 1681
311 1715
1614 1676
811 1479
78 540
333 540
1308 1717
652 899
145 811
1126 1557
1168 1522
491 1715
145 1656
1174 1656
1557 1718
425 1715
1313 1734
652 1271
843 1269
322 416
1676 1739
1676 1734
721 1271
641 1164
255 652
1672 1715
21 1715
733 1165
330 1191
723 1681
626 1715
1451 1769
1340 1715
189 1266
1097 1313
0 626
1313 1340
1685 1715
1168 1256
302 1746
302 811
1406 1715
227 396
1623 1715
1690 1715
811 1808
333 1635
425 1557
425 1145
658 1715
497 1715
497 1145
845 1715
150 1313
379 1800
379 1447
753 1613
333 753
753 1614
753 1426
753 1635
753 907
496 1635
496 1613
496 540
496 907
333 496
480 1343
821 1543
137 821
821 1419
821 1507
1123 1717
70 1715
714 1313
641 1780
424 1715
851 1248
321 1406
110 1717
245 1343
245 1313
480 1553
386 428
757 761
1161 1802
1161 1597
1161 1741
335 1161
1036 1161
1161 1459
1161 1542
935 1161
1161 1755
1161 1377
217 761
1136 1557
227 1127
1369 1413
77 1552
960 1122
941 1522
416 941
941 1174
1313 1558
57 1313
1447 1834
1174 1404
811 1404
855 1715
110 1174
841 1522
1174 1559
486 1522
717 1174
321 1356
379 387
766 1522
1319 1522
1522 1761
621 1522
834 1522
130 1522
1522 1855
447 1522
1522 1756
5 1522
1066 1522
1522 1774
1522 1841
68 1522
1198 1522
1040 1522
1037 1522
1213 1522
1146 1522
920 1522
500 1522
1331 1522
1522 1714
88 1522
771 1522
718 1522
105 1522
1045 1522
817 1522
249 1522
1277 1522
276 1522
118 1522
706 1522
216 1522
219 1522
1279 1579
386 1579
772 1579
36 1379
580 1715
1408 1715
727 1715
1476 1715
1212 1522
1313 1476
536 1522
1248 1848
50 1522
1313 1493
321 331
311 1442
580 1313
1057 1791
841 1174
841 1057
416 1462
503 1386
321 350
1038 1715
416 1478
1478 1522
1145 1179
21 1165
378 1635
1476 1557
970 1715
1715 1764
1078 1589
1078 1557
993 1174
472 976
1176 1522
1044 1174
407 1715
525 1313
889 1057
651 1522
748 1834
1260 1522
1163 1715
0 1170
472 748
753 1165
652 1478
334 1191
1433 1715
1390 1797
416 948
805 1174
982 1811
976 1811
948 1057
1038 1557
1156 1313
52 1145
1366 1557
1057 1568
309 1715
541 1715
668 811
569 1174
848 1174
811 918
317 1614
317 1447
856 1447
386 1145
641 1447
511 641
1075 1312
772 1831
1442 1831
1442 1811
1164 1296
1088 1164
0 1657
251 772
251 1715
251 1313
1390 1676
1066 1256
1387 1552
1123 1369
142 1644
142 402
142 425
416 1012
202 1828
202 378
1313 1408
1164 1722
824 1715
740 1715
569 1717
569 1789
1493 1844
1493 1715
485 1715
1368 1715
549 1715
1312 1557
921 1312
819 1828
1828 1834
1499 1789
1499 1522
962 1746
472 900
900 1834
407 753
1700 1828
1557 1720
334 1316
145 1478
302 854
854 1413
1447 1752
379 572
429 925
268 1559
1012 1057
1306 1557
392 1746
943 1746
635 1552
652 1369
918 1369
485 1368
385 472
763 1042
285 1522
907 1339
907 1696
1339 1715
1696 1715
1174 1705
96 472
321 1681
472 1686
777 1174
321 1522
1057 1318
803 1715
1715 1847
1174 1255
420 1145
18 420
79 1164
741 976
96 741
916 1715
653 1834
907 1497
416 882
448 1368
1442 1686
882 1057
299 1233
959 1233
22 907
22 31
427 472
819 1248
889 1789
215 1106
1341 1715
1413 1715
302 1522
1522 1823
189 1522
1522 1614
916 1448
420 916
333 472
811 1413
854 1286
1557 1632
669 1715
448 485
358 448
477 1715
503 1106
617 1715
354 1681
255 1106
195 811
35 901
0 415
1255 1789
416 841
1256 1846
362 1174
1174 1602
987 1174
705 1174
1174 1509
854 1734
1174 1250
300 901
825 901
851 1165
1197 1552
33 1174
268 1174
485 1165
26 1522
26 227
1197 1789
901 1197
35 1197
535 692
652 841
535 1715
535 1145
22 772
302 377
506 1557
1432 1557
677 1557
506 1715
572 1447
0 485
167 503
378 1590
1205 1557
416 750
0 1820
1489 1552
378 428
83 540
83 1616
1248 1616
472 1616
540 1616
668 779
480 549
0 378
354 472
354 428
428 579
579 918
1090 1715
839 1174
136 1174
317 1165
1420 1715
520 1715
1145 1420
72 1715
1011 1522
1145 1496
1497 1681
1480 1522
204 1145
1557 1616
83 1557
189 1438
44 1165
633 1715
21 753
21 673
941 1164
21 1412
21 1517
673 1715
673 1165
21 485
1369 1610
195 1369
420 1766
260 1751
189 496
496 1800
496 1676
1575 1676
753 1676
493 1676
984 1522
1194 1390
416 1315
210 1057
1223 1469
1575 1715
472 520
196 1715
260 1715
1057 1223
493 1557
1538 1557
1617 1715
1165 1752
907 1752
416 1223
509 1557
189 493
493 1614
750 1057
772 1766
1559 1717
342 1057
1057 1315
503 672
204 1715
204 722
1145 1769
369 416
1369 1462
255 1035
540 1178
453 1522
546 1715
493 1800
493 1538
181 1518
143 416
1178 1834
321 1497
914 1035
493 496
496 1447
416 572
493 1575
493 753
321 493
493 1447
496 1575
379 1746
196 753
189 753
753 1575
753 1557
343 1148
1148 1614
206 1148
1148 1635
1148 1715
189 379
990 1141
349 1141
1141 1713
1141 1810
144 1141
474 1141
1141 1210
614 1141
896 1141
671 1141
1141 1789
1141 1822
1141 1840
1141 1636
176 1141
371 1141
51 1141
103 1141
1141 1252
517 1141
1626 1715
189 1188
420 1614
0 506
1614 1766
189 982
78 189
189 1766
1145 1155
1531 1639
1155 1715
189 773
493 1766
379 1833
1715 1766
901 1463
1033 1715
296 1715
32 1715
804 1557
804 1715
86 773
493 1598
321 692
296 773
773 1598
32 773
773 1557
773 1033
416 1243
341 1715
493 773
1572 1789
189 1575
753 1833
341 1557
218 1715
641 1717
499 641
1557 1608
1557 1769
917 1042
773 1497
957 1715
836 1715
1057 1082
836 1557
499 1174
753 1681
499 1405
59 963
1557 1724
189 1769
1429 1715
22 1049
22 763
78 1676
78 1833
668 1664
119 1174
63 1715
496 627
256 743
0 1818
1174 1572
429 1251
1522 1551
641 1243
236 1522
71 429
384 811
116 811
255 1074
1256 1522
1279 1681
892 1681
579 1681
1681 1698
1117 1681
155 1527
155 1522
155 788
800 1717
1057 1243
1216 1522
863 1522
295 1522
1101 1522
1522 1742
1228 1522
170 1522
747 1522
1158 1522
739 1522
1522 1783
64 1522
482 1522
1309 1522
1446 1522
374 1522
697 1522
934 1522
461 1522
681 1522
1336 1522
1239 1522
776 1522
886 1522
80 1522
1324 1522
1522 1633
904 1522
1522 1857
767 1522
1041 1522
654 1522
1494 1522
1461 1522
1522 1663
1467 1522
1192 1522
1130 1522
1039 1522
1131 1522
1522 1798
1152 1522
1522 1706
1099 1522
283 1522
1424 1522
475 1522
134 1522
810 1522
61 1522
1008 1522
108 1522
864 1522
1202 1522
778 1522
404 1522
263 1522
625 1522
1240 1522
445 1522
1522 1796
937 1522
1330 1522
1139 1522
1257 1522
200 1522
463 1522
945 1522
913 1522
576 1522
1050 1522
1522 1804
1001 1522
325 1522
365 1522
458 1522
1512 1522
376 1522
76 1522
1399 1522
1273 1522
252 1522
399 1522
1522 1620
327 1522
1416 1522
552 1522
328 1522
1381 1522
1258 1522
958 1522
1289 1522
1335 1522
179 1522
988 1522
563 1522
1522 1795
1495 1522
795 1522
411 1522
1522 1712
746 1522
1125 1522
1169 1522
188 1522
828 1174
641 1479
901 1524
1174 1462
416 1514
429 1083
71 1083
30 255
408 1479
1479 1759
306 1479
785 1479
892 1479
1174 1405
1174 1703
192 1552
192 503
192 1057
630 775
630 1379
1057 1586
379 1522
22 854
227 1216
710 1256
1227 1256
1196 1256
768 1256
242 1717
303 416
416 1091
1057 1514
390 1681
378 1681
901 1380
582 901
762 1522
1556 1789
416 758
788 1527
1256 1655
247 1256
455 1256
1256 1645
774 1256
1256 1604
1256 1726
1251 1746
724 1256
971 1552
223 1256
1256 1695
870 1256
1243 1708
1322 1333
157 503
813 1369
638 1777
969 1717
1413 1746
744 811
321 811
255 1052
1081 1174
901 1275
1092 1722
1092 1256
1746 1753
398 1789
1164 1407
1803 1823
1174 1521
659 668
1047 1271
1271 1413
666 1271
961 1271
1522 1586
652 1413
666 1413
1047 1413
961 1413
652 1047
1047 1174
666 1047
961 1047
758 1057
469 1174
1310 1522
416 451
1174 1544
854 1271
194 1717
293 1313
53 1313
221 1313
676 1313
1313 1743
601 1313
171 1313
530 1478
451 1057
798 1023
798 1656
396 1243
416 1586
1388 1758
165 726
416 726
518 1086
1108 1789
1532 1544
